5748,03649152948 1455,70061211461 5748,03649152948 1455,70061211461
5761,60296049223 1456,02362328039
5808,76259069606 1431,47477468113
5830,24283322041 1435,1894030876
5849,4619975843 1415,00120522637
5867,38911728507 1411,2865768199
5884,83172023718 1396,75107435982
5880,95558624782 1376,72438208148
5860,44437722081 1373,00975367501
5860,44437722081 1363,15791311873
5849,13898641852 1363,48092428451
5850,59253666453 1352,66005023089
5841,22521285692 1351,52951115066
5839,61015702802 1338,93207568525
5832,50391138087 1338,77057010236
5824,59013781927 1348,13789390997
5816,19184750899 1332,79486353544
5788,25138166905 1331,8258300381
5784,2137420968 1348,78391624153
5757,56532091998 1345,06928783507
5747,87498594659 1359,28177912937
5734,14701140095 1345,23079341796
5723,97215967889 1345,23079341796
5719,77301452375 1359,28177912937
5731,40141649182 1373,97878717235
5718,31946427775 1407,57194841344
5704,42998414922 1408,37947632789
5711,69773537926 1422,10745087352
5728,49431599981 1426,14509044577
5746,90595244925 1444,23371572943
5748,03649152948 1455,70061211461
