5746,90595244925 1444,23371572943 5746,90595244925 1444,23371572943
5748,03649152948 1455,70061211461
5714,49745559457 1462,30369708775
5700,36571709171 1476,43543559061
5658,10508956886 1475,62790767616
5622,70844931884 1467,9563924889
5600,77060764297 1452,88253808584
5540,6097780165 1459,2081734157
5540,07142607354 1446,82607872748
5560,79797587773 1448,8448985136
5570,89207480835 1436,8665677826
5560,25962393477 1412,37155437764
5506,82819359538 1414,52496214951
5506,82819359538 1403,21957134722
5558,77915609161 1397,43228796033
5604,94283520096 1397,70146393181
5642,22370725136 1411,16026250597
5675,33235174378 1400,12404767516
5693,8300995804 1400,49416463595
5704,42998414922 1408,37947632789
5711,69773537926 1422,10745087352
5728,49431599981 1426,14509044577
5746,90595244925 1444,23371572943
