6192,61208560202 1969,71568785934 6192,61208560202 1969,71568785934
6218,77599003017 1987,15829081144
6204,51647428224 1997,60269359991
6206,42313741358 2021,04343444989
6209,45136709277 2039,54928248936
6220,8913458808 2052,55945444437
6202,6098111509 2062,99002333934
6171,09379115643 2069,60726597163
6146,64364041338 2061,53198682714
6116,24918696675 2059,6253236958
6109,96841429881 2041,11947565634
6139,2413011976 2030,4645934518
6156,96205265357 2015,21128840109
6153,70950966481 1990,31251103891
6140,13855443587 1999,17288676689
6128,92288895741 1998,72426014776
6146,08285713946 1982,57370185877
6140,81149436458 1968,44196335591
6155,39185948658 1967,99333673677
6161,33616219016 1977,19018242911
6192,61208560202 1969,71568785934
