6253,02739577242 2105,54833462225 6253,02739577242 2105,54833462225
6255,80470693982 2039,28515375752
6235,28003911424 2035,92045411398
6220,8913458808 2052,55945444437
6202,6098111509 2062,99002333934
6194,62597925385 2080,9687987659
6151,01947187359 2076,25821926495
6116,83412349524 2113,53909131535
6081,57207123096 2132,38140931917
6082,78336310263 2140,18751249218
6101,62568110645 2142,2063322783
6122,08305493916 2124,44071816042
6166,90085419109 2129,15129766137
6176,45660117874 2106,54051605679
6209,6998336569 2110,84733160052
6253,02739577242 2105,54833462225