6241,91571935732 2214,18373041429 6241,91571935732 2214,18373041429
6196,17733828292 2216,89702420683
6181,06041572443 2198,87300115633
6123,11221258355 2209,72617632653
6109,5457436208 2226,19974578129
6124,66266617929 2237,24672765095
6112,25903741335 2240,92905494084
6129,31402696652 2254,30171720412
6167,68775346115 2257,59643109508
6176,9904750356 2270,38767325995
6202,57295936536 2271,93812685569
6212,06948763928 2253,33268370678
6241,91571935732 2228,91303957384
6241,91571935732 2214,18373041429
