5719,77301452375 1359,28177912937 5719,77301452375 1359,28177912937
5731,40141649182 1373,97878717235
5718,31946427775 1407,57194841344
5704,42998414922 1408,37947632789
5693,8300995804 1400,49416463595
5693,8300995804 1400,49416463595
5675,33235174378 1400,12404767516
5642,22370725136 1411,16026250597
5604,94283520096 1397,70146393181
5558,77915609161 1397,43228796033
5577,324354843 1378,21025824835
5517,76917115237 1383,7059343328
5500,27273300597 1377,08869170051
5516,42329129495 1365,31224294812
5540,98559869278 1345,34835839646
5560,16438666095 1354,5452040888
5559,04282011311 1338,84327241895
5574,85690843774 1332,45034309623
5610,97135127838 1352,07775768354
5606,93371170614 1376,86437839094
5612,54154444537 1387,29494728591
5629,58935597263 1369,34988252037
5641,36580472501 1377,76163162922
5648,7681439408 1348,71305804
5661,77831589581 1349,94678124263
5678,15318749437 1366,77027946032
5694,75237240249 1345,12404508689
5710,67861738191 1346,13345497995
5719,77301452375 1359,28177912937
