6348,42884002538 2197,08095463399 6348,42884002538 2197,08095463399
6318,68921996698 2214,92495059662
6306,57630125025 2271,61341019096
6291,3947764586 2270,9673878594
6286,7111145548 2288,57149639439
6315,14379898029 2340,52041655729
6382,73379863427 2336,29787145169
6412,77383705178 2325,83230968043
6430,79786010229 2314,0101010129
6433,1235404959 2250,44150358745
6414,71190404646 2224,47140585877
6386,80373932309 2215,94391108218
6385,64089912629 2197,1446612338
6401,07966004748 2182,22244100812
6348,42884002538 2197,08095463399
