6286,57857414659 2512,57268065795 6286,57857414659 2512,57268065795
6301,30788330615 2477,88128145321
6308,67253788592 2456,36873781228
6328,63462793111 2441,44562195326
6335,53988885289 2381,47142100035
6389,23911433755 2376,44217385679
6419,92517508662 2401,79855037049
6437,36777803873 2401,47553920472
6436,88326129006 2418,27211982526
6423,96281465887 2431,19256645645
6396,99138231627 2442,49795725874
6386,17050826265 2504,35459550555
6368,40489414476 2506,45416808311
6362,10617641206 2525,8348380299
6323,99085885006 2513,56041373027
6317,36912995157 2521,63569287476
6290,88221435764 2521,15117612609
6286,57857414659 2512,57268065795
