6362,10617641206 2525,8348380299 6362,10617641206 2525,8348380299
6368,40489414476 2506,45416808311
6386,17050826265 2504,35459550555
6396,99138231627 2442,49795725874
6423,96281465887 2431,19256645645
6436,88326129006 2418,27211982526
6437,36777803873 2401,47553920472
6460,32744615687 2401,46145448228
6511,80735070301 2410,0975169007
6519,99478650229 2432,08022123848
6502,82602523851 2451,11993495472
6506,77968190765 2482,74918830787
6465,15000286196 2476,00471516639
6423,52032381628 2502,51747165358
6427,93911656414 2532,05361265248
6362,10617641206 2525,8348380299
