6460,32744615687 2401,46145448228 6460,32744615687 2401,46145448228
6437,36777803873 2401,47553920472
6419,92517508662 2401,79855037049
6389,23911433755 2376,44217385679
6335,53988885289 2381,47142100035
6318,2124050552 2380,89681227975
6315,14379898029 2340,52041655729
6382,73379863427 2336,29787145169
6412,77383705178 2325,83230968043
6430,79786010229 2314,0101010129
6473,1810268311 2330,91110006825
6474,59868694758 2359,82418841849
6462,00125148217 2380,17389186261
6460,32744615687 2401,46145448228
