6265,64745060407 2513,73552085475 6265,64745060407 2513,73552085475
6253,51480048074 2535,0609263475
6239,11388600639 2555,24912420873
6239,11388600639 2564,5356952249
6242,63176472277 2582,50465563868
6235,34158216177 2594,61757435542
6256,65134657084 2609,42225278698
6264,50231240577 2634,88181342309
6287,49442663661 2623,77830459942
6299,38303204378 2628,60104075515
6300,95322521077 2608,52499954871
6310,9351674866 2592,15012795015
6311,04732414138 2561,08273457482
6321,25357972678 2536,4082705222
6317,36912995157 2521,63569287476
6290,88221435764 2521,15117612609
6286,57857414659 2512,57268065795
6265,64745060407 2513,73552085475
