6427,93911656414 2532,05361265248 6427,93911656414 2532,05361265248
6362,10617641206 2525,8348380299
6323,99085885006 2513,56041373027
6317,36912995157 2521,63569287476
6321,25357972678 2536,4082705222
6311,04732414138 2561,08273457482
6310,9351674866 2592,15012795015
6300,95322521077 2608,52499954871
6299,38303204378 2628,60104075515
6308,81284841105 2638,99631603177
6325,09799468578 2626,88339731503
6321,06035511353 2619,61564608499
6385,12423632651 2594,44769275132
6427,25027586361 2566,04962775986
6433,44132320772 2545,72684191289
6427,93911656414 2532,05361265248
