6008,43745730319 1919,34991577063 6008,43745730319 1919,34991577063
6024,58801559218 1930,65530657292
6039,66186999523 1930,2515426157
6040,73857388116 1918,67697584193
6052,17855266919 1919,75367972786
6063,2147675 1932,67412635905
6076,40439010267 1934,02000621646
6081,38414557511 1964,43689099405
6078,28862190305 1997,0071835435
6063,08017951426 2028,50077220702
6026,87601134978 2032,53841177927
6013,28262478989 1995,52671570035
6002,65017391631 1994,31542382867
5999,95841420147 1980,72203726878
5999,95841420147 1957,03455177827
6010,99462903228 1946,80586486191
6017,32026436213 1946,1329249332
6017,05108839065 1936,30800197407
6003,5922898165 1931,59742247311
6008,43745730319 1919,34991577063
