6308,81284841105 2638,99631603177 6308,81284841105 2638,99631603177
6299,38303204378 2628,60104075515
6287,49442663661 2623,77830459942
6264,50231240577 2634,88181342309
6260,01680075863 2657,2980083849
6235,9255513109 2685,42689740488
6231,48414778143 2707,63391505223
6243,46247851242 2718,93930585452
6242,38577462649 2758,64276164828
6252,07610959988 2768,06392065018
6290,29909755048 2731,85975248571
6275,09065516168 2706,69179915204
6275,35983113317 2681,38925783263
6297,70143676626 2656,62506845619
6308,81284841105 2638,99631603177
