6231,48414778143 2707,63391505223 6231,48414778143 2707,63391505223
6243,46247851242 2718,93930585452
6242,38577462649 2758,64276164828
6252,07610959988 2768,06392065018
6251,2138581329 2791,49739941479
6216,75933378307 2801,32232237393
6213,12545816805 2789,47857962867
6201,01253945131 2786,51764394236
6199,26289563667 2772,92425738246
6160,63614372885 2758,65793089386
6161,03990768607 2726,89516625885
6185,93868504826 2711,8213118558
6199,53207160815 2718,9544751001
6217,29768572603 2718,68529912862
6231,48414778143 2707,63391505223
