6160,63614372885 2758,65793089386 6160,63614372885 2758,65793089386
6161,03990768607 2726,89516625885
6185,93868504826 2711,8213118558
6199,53207160815 2718,9544751001
6217,29768572603 2718,68529912862
6231,48414778143 2707,63391505223
6235,9255513109 2685,42689740488
6260,01680075863 2657,2980083849
6264,50231240577 2634,88181342309
6256,65134657084 2609,42225278698
6235,34158216177 2594,61757435542
6217,69834319444 2588,52354326807
6194,01085770393 2588,25436729658
6163,99773688357 2602,52069378519
6149,193058452 2607,63503724336
6120,66040547479 2656,49047606754
6065,6139193065 2672,64103435653
6078,93812989491 2710,05649439268
6064,9409793778 2732,801863983
6115,54606201661 2736,97409154098
6148,38553053755 2756,35476148776
6160,63614372885 2758,65793089386
