6170,74318924969 2484,32125572294 6170,74318924969 2484,32125572294
6161,99497017649 2500,20263804044
6166,30178572022 2516,89154827239
6232,51907470506 2547,7121970072
6222,55956376018 2558,88299982375
6239,11388600639 2564,5356952249
6242,63176472277 2582,50465563868
6235,34158216177 2594,61757435542
6217,69834319444 2588,52354326807
6194,01085770393 2588,25436729658
6163,99773688357 2602,52069378519
6149,193058452 2607,63503724336
6120,66040547479 2656,49047606754
6065,6139193065 2672,64103435653
6065,28023080344 2660,56546916056
6079,01986964118 2639,7400420495
6079,95014179862 2616,48323811337
6091,81111180605 2571,83017455598
6081,81068611351 2565,0857014145
6085,53177474329 2523,68859040818
6092,7413839635 2515,08357295181
6078,32216552309 2501,12949059012
6101,81153749859 2490,89649685822
6102,74180965604 2482,05891136249
6128,32429398579 2479,03552685079
6150,88339380384 2479,50066292951
6170,74318924969 2484,32125572294
