6216,75933378307 2801,32232237393 6216,75933378307 2801,32232237393
6213,12545816805 2789,47857962867
6201,01253945131 2786,51764394236
6199,26289563667 2772,92425738246
6160,63614372885 2758,65793089386
6148,38553053755 2756,35476148776
6144,50925042883 2770,07614999296
6110,48839847749 2792,78787258684
6077,86950471097 2794,00290301367
6056,26373645858 2826,02276060989
6055,33346430114 2851,37267690028
6089,98610216598 2839,04657081412
6164,17530672226 2838,11629865668
6192,08347144563 2833,69750590881
6216,75933378307 2801,32232237393
