6055,33346430114 2851,37267690028 6055,33346430114 2851,37267690028
6056,26373645858 2826,02276060989
6077,86950471097 2794,00290301367
6110,48839847749 2792,78787258684
6144,50925042883 2770,07614999296
6148,38553053755 2756,35476148776
6115,54606201661 2736,97409154098
6064,9409793778 2732,801863983
6046,0521264423 2740,09107923094
6034,49999099949 2756,69026413906
5976,17853051149 2760,50359040174
5955,61707530313 2785,25790999256
5956,58610880047 2809,6775541255
5976,93581224459 2811,22800772125
5999,61119608233 2830,22106426909
6010,65817795199 2864,91246347383
6028,48839430303 2875,18421854562
6038,76014937483 2874,40899174775
6055,33346430114 2851,37267690028
