5956,58610880047 2809,6775541255 5956,58610880047 2809,6775541255
5955,61707530313 2785,25790999256
5976,17853051149 2760,50359040174
5966,38372442666 2735,5453134135
5981,59216681546 2713,2037077804
5970,28677601317 2701,35996503515
5966,38372442666 2681,17176717392
5954,13621772418 2690,99669013305
5931,39084813386 2704,18631273572
5925,87274071846 2721,68275088212
5903,26195911388 2715,89546749523
5884,15046513858 2732,3152017557
5885,76552096748 2745,90858831559
5897,34008774125 2742,40930068632
5898,01302766996 2790,59179958179
5886,03469693897 2821,4124483166
5901,51231529924 2814,14469708656
5928,16073647607 2820,20115644492
5956,58610880047 2809,6775541255
