6065,28023080344 2660,56546916056 6065,28023080344 2660,56546916056
6065,6139193065 2672,64103435653
6078,93812989491 2710,05649439268
6064,9409793778 2732,801863983
6046,0521264423 2740,09107923094
6034,49999099949 2756,69026413906
5976,17853051149 2760,50359040174
5966,38372442666 2735,5453134135
5981,59216681546 2713,2037077804
5970,28677601317 2701,35996503515
5966,38372442666 2681,17176717392
5981,80089449483 2676,29132210033
5994,13812652114 2644,55098879628
6032,27138914791 2644,4388321415
6065,28023080344 2660,56546916056
