5994,13812652114 2644,55098879628 5994,13812652114 2644,55098879628
6032,27138914791 2644,4388321415
6065,28023080344 2660,56546916056
6079,01986964118 2639,7400420495
6079,95014179862 2616,48323811337
6091,81111180605 2571,83017455598
6081,81068611351 2565,0857014145
6085,53177474329 2523,68859040818
6092,7413839635 2515,08357295181
6078,32216552309 2501,12949059012
6041,36663745206 2510,51774772537
6000,85565374386 2506,34552016738
6007,04670108797 2560,44989043548
6023,73561131992 2581,17644023968
5992,9149625851 2611,0549730743
5994,13812652114 2644,55098879628
