6026,87601134978 2032,53841177927 6026,87601134978 2032,53841177927
6013,28262478989 1995,52671570035
6002,65017391631 1994,31542382867
5999,95841420147 1980,72203726878
5983,41318016106 1992,98003940829
5952,86170739773 1979,92500479136
5934,15397737965 2006,03507402522
5924,86740636349 2024,74280404329
5902,52580073039 2025,01198001478
5901,85286080169 2032,5489072163
5912,61989966101 2034,83690297391
5900,64156893001 2043,85429801859
5911,9469597323 2058,12062450719
5952,99629538347 2062,83120400815
6026,87601134978 2032,53841177927
