5916,49350554421 2619,99070527146 5916,49350554421 2619,99070527146
5941,93063484936 2609,89660634084
5962,92636062504 2599,53333143874
5992,9149625851 2611,0549730743
5994,13812652114 2644,55098879628
5981,80089449483 2676,29132210033
5966,38372442666 2681,17176717392
5954,13621772418 2690,99669013305
5931,39084813386 2704,18631273572
5925,87274071846 2721,68275088212
5903,26195911388 2715,89546749523
5884,15046513858 2732,3152017557
5875,54538005832 2735,18128478101
5870,53870698874 2721,93782698405
5916,49350554421 2619,99070527146
