6579,42878130758 2399,34977497451 6579,42878130758 2399,34977497451
6550,22318840167 2431,78547953822
6519,99478650229 2432,08022123848
6511,80735070301 2410,0975169007
6460,32744615687 2401,46145448228
6462,00125148217 2380,17389186261
6474,59868694758 2359,82418841849
6473,1810268311 2330,91110006825
6554,64056367111 2338,59797839157
6567,23799913652 2326,16204850905
6584,19608533995 2327,13108200639
6586,94168024908 2343,12013471249
6594,5324426449 2351,67993060565
6586,94168024908 2361,69327674482
6598,89309338293 2378,97437411403
6579,42878130758 2399,34977497451
