6554,64056367111 2338,59797839157 6554,64056367111 2338,59797839157
6473,1810268311 2330,91110006825
6430,79786010229 2314,0101010129
6433,1235404959 2250,44150358745
6414,71190404646 2224,47140585877
6436,37811524319 2223,57951129023
6499,63446854171 2241,6143013796
6513,09326711587 2254,53474801078
6535,70404872044 2254,53474801078
6540,28004023566 2244,30606109443
6556,16142255316 2240,80677346515
6577,42632430032 2249,95875649557
6592,9039426606 2266,64766672752
6592,50017870338 2285,08622077411
6559,25694622522 2316,44522145189
6554,64056367111 2338,59797839157
