6556,16142255316 2240,80677346515 6556,16142255316 2240,80677346515
6540,28004023566 2244,30606109443
6535,70404872044 2254,53474801078
6513,09326711587 2254,53474801078
6499,63446854171 2241,6143013796
6436,37811524319 2223,57951129023
6439,03129312918 2213,71851307959
6446,97198428793 2210,21922545031
6446,29904435922 2193,93407917559
6437,68541327176 2189,89643960334
6437,28164931454 2179,93692865847
6453,83597156074 2163,517194398
6468,9098259638 2165,26683821264
6482,50321252369 2141,57935272213
6506,1906980142 2134,98454142079
6518,84196867391 2156,3840311537
6534,31958703418 2163,92095835522
6529,60900753323 2199,45218659099
6538,49181459217 2219,10203250925
6550,06638136594 2221,25544028112
6556,16142255316 2240,80677346515
