6534,31958703418 2163,92095835522 6534,31958703418 2163,92095835522
6518,84196867391 2156,3840311537
6506,1906980142 2134,98454142079
6482,50321252369 2141,57935272213
6476,73582800784 2121,26924814961
6463,81538137665 2123,42265592148
6442,81965560097 2100,67728633116
6430,30297292701 2103,63822201747
6417,38252629582 2082,64249624179
6448,16420247541 2069,42227574066
6471,04416005147 2079,65096265702
6499,03846108571 2066,59592804009
6550,98942358195 2083,28483827204
6545,3367281808 2100,78127641844
6571,85056137189 2119,08524247929
6563,23693028443 2130,12145731009
6550,45107163898 2133,62074493937
6550,04730768176 2165,51809756012
6534,31958703418 2163,92095835522
