5952,86170739773 1979,92500479136 5952,86170739773 1979,92500479136
5983,41318016106 1992,98003940829
5999,95841420147 1980,72203726878
5999,95841420147 1957,03455177827
6010,99462903228 1946,80586486191
6017,32026436213 1946,1329249332
6017,05108839065 1936,30800197407
6003,5922898165 1931,59742247311
6008,43745730319 1919,34991577063
6020,4087822876 1908,50693539941
6054,05577872299 1877,10307205972
6026,91386826511 1872,39249255877
6003,80959737948 1879,00973519106
5983,73355617304 1899,42224636186
5982,94845958954 1907,49752550635
5999,77195780723 1906,82458557764
5985,97668926873 1924,32102372404
5929,22542194771 1923,1994571762
5935,73050792522 1941,92961852523
5925,41209568504 1956,7342969568
5920,5893595293 1968,17427574483
5952,86170739773 1979,92500479136
