6054,05577872299 1877,10307205972 6054,05577872299 1877,10307205972
6020,4087822876 1908,50693539941
6008,43745730319 1919,34991577063
6024,58801559218 1930,65530657292
6039,66186999523 1930,2515426157
6040,73857388116 1918,67697584193
6052,17855266919 1919,75367972786
6063,2147675 1932,67412635905
6076,40439010267 1934,02000621646
6094,03283019878 1933,57138604675
6104,46339909375 1920,56121409173
6108,27672535642 1903,06477594533
6090,66813055524 1875,24992555875
6054,05577872299 1877,10307205972
