6191,05469252522 1756,05846144132 6191,05469252522 1756,05846144132
6266,80081090056 1755,57394469265
6266,154788569 1767,68686340939
6249,03519678268 1794,81980133489
6222,06376444007 1814,52348244745
6229,65452683589 1824,37532300373
6192,83125393701 1833,74264681134
6228,039471007 1834,06565797712
6256,14144242983 1850,05471068321
6239,51982619075 1858,33486265044
6238,67865127986 1872,5413722565
6220,64012263534 1878,3361327537
6192,04017566526 1868,24203382309
6194,28330876095 1850,95121621046
6176,89902726934 1847,77344432489
6177,55327442225 1826,46367991582
6163,72062033215 1810,85521212496
6153,8134491595 1810,94867600395
6165,02911463797 1793,37746675436
6202,13427459587 1780,85330697007
6204,56433544954 1767,30104451693
6190,73168135944 1767,20758063795
6191,05469252522 1756,05846144132
