6191,05469252522 1756,05846144132 6191,05469252522 1756,05846144132
6190,73168135944 1767,20758063795
6204,56433544954 1767,30104451693
6202,13427459587 1780,85330697007
6165,02911463797 1793,37746675436
6153,8134491595 1810,94867600395
6163,72062033215 1810,85521212496
6177,55327442225 1826,46367991582
6176,57263642896 1837,65847748203
6141,38971691555 1841,84254379802
6121,22466818787 1850,80466804323
6112,15451465277 1871,50322354639
6102,15408896023 1871,27065550703
6111,22424249533 1839,64140215388
6094,47934366131 1848,71155568897
6091,22339111025 1857,54914118471
6084,47891796877 1857,54914118471
6075,17619639431 1853,82805255492
6082,85094169324 1840,57167431132
6110,52653837724 1830,33868057942
6123,31778054212 1807,77958076137
6091,68852718897 1824,29191155603
6093,3165034645 1800,33740350181
6107,96828994427 1796,84888291139
6109,5962662198 1784,98791290396
6117,27101151872 1779,87141603801
6112,6196507315 1760,10313269229
6117,03844347936 1743,35823385827
6133,0856381953 1738,24173699232
6145,87688036017 1705,91477952109
6217,9729725622 1702,65882697003
6215,41472412922 1680,79743127006
6239,60180022281 1688,47217656898
6224,48487766432 1703,58909912747
6208,67025098774 1728,7064473785
6178,43640587077 1744,28850601571
6191,05469252522 1756,05846144132
